1 0.5234375 0 0.7046875 0 0.7078125 0.0046875 0.7078125 0.0171875 0.703125 0.0234375 0.7015625 0.053125 0.7109375 0.071875 0.7078125 0.08125 0.6890625 0.09375 0.690625 0.1078125 0.6859375 0.1171875 0.6859375 0.1296875 0.6828125 0.14375 0.6859375 0.153125 0.6859375 0.1828125 0.68125 0.1953125 0.6734375 0.196875 0.6625 0.203125 0.6515625 0.2046875 0.6234375 0.203125 0.61875 0.1921875 0.61875 0.184375 0.621875 0.1625 0.625 0.1546875 0.6125 0.1484375 0.6109375 0.140625 0.60625 0.1359375 0.59375 0.13125 0.5875 0.13125 0.5828125 0.134375 0.575 0.146875 0.5890625 0.1609375 0.590625 0.1921875 0.5875 0.203125 0.5734375 0.2125 0.5375 0.215625 0.525 0.20625 0.5234375 0.1875 0.525 0.1734375 0.528125 0.165625 0.540625 0.153125 0.5421875 0.1296875 0.5390625 0.1171875 0.53125 0.1015625 0.5296875 0.090625 0.5296875 0.075 0.5390625 0.0515625 0.5390625 0.0390625 0.5375 0.0375 0.5375 0.0203125 0.5234375 0.0078125 0.5234375 0.0015625
0 0.9203125 0.1984375 0.9359375 0.20625 0.940625 0.2171875 0.9515625 0.2296875 0.95625 0.2453125 0.9578125 0.275 0.95 0.29375 0.9375 0.3015625 0.9375 0.3203125 0.9421875 0.325 0.9484375 0.325 0.95 0.328125 0.959375 0.3328125 0.965625 0.33125 0.9765625 0.315625 0.9984375 0.321875 0.9984375 0.4921875 0.99375 0.4953125 0.9828125 0.496875 0.978125 0.50625 0.9734375 0.50625 0.9609375 0.521875 0.95625 0.521875 0.953125 0.5140625 0.946875 0.509375 0.9453125 0.5109375 0.946875 0.525 0.9453125 0.5359375 0.934375 0.5515625 0.93125 0.553125 0.921875 0.553125 0.9109375 0.5453125 0.896875 0.5265625 0.8859375 0.50625 0.884375 0.490625 0.8859375 0.46875 0.896875 0.4546875 0.9046875 0.453125 0.9078125 0.45 0.9015625 0.4421875 0.896875 0.3953125 0.89375 0.3921875 0.8859375 0.390625 0.884375 0.3859375 0.88125 0.384375 0.878125 0.3859375 0.8796875 0.4140625 0.875 0.428125 0.86875 0.4359375 0.85625 0.4390625 0.8484375 0.4359375 0.8359375 0.4203125 0.828125 0.4078125 0.821875 0.3890625 0.8234375 0.3828125 0.821875 0.3734375 0.825 0.365625 0.825 0.3578125 0.83125 0.346875 0.834375 0.34375 0.84375 0.34375 0.8484375 0.3484375 0.8546875 0.35 0.8625 0.3421875 0.8671875 0.3234375 0.86875 0.2984375 0.8734375 0.2890625 0.88125 0.28125 0.8921875 0.278125 0.8984375 0.265625 0.8953125 0.25625 0.89375 0.2453125 0.8953125 0.2390625 0.89375 0.2375 0.9015625 0.209375 0.9109375 0.1984375 0.91875 0.1984375
2 0.8510416671875 0.8629629624999999 0.8421875 0.8666666671875 0.8380208328125001 0.8740740734375001 0.8375 0.91851851875 0.8427083328125 0.928703703125 0.8802083328125001 0.9379629625 0.9052083328125 0.9296296296875 0.9125 0.91851851875 0.9088541671874999 0.88148148125 0.9026041671874999 0.8666666671875 0.8875 0.8629629624999999 0.871875 0.865740740625 0.8510416671875 0.8629629624999999
2 0.3171875 0.0629629625 0.309375 0.058333332812500006 0.2927083328125 0.061111110937500004 0.2927083328125 0.11944444375 0.2953125 0.1231481484375 0.3098958328125 0.1268518515625 0.3494791671875 0.1268518515625 0.3635416671875 0.12222222187500001 0.3640625 0.0703703703125 0.3604166671875 0.0629629625 0.3453125 0.0574074078125 0.3270833328125 0.0629629625 0.3171875 0.0629629625
2 0.3072916671875 0.884259259375 0.30416666718749996 0.9 0.30520833281250004 0.9268518515625 0.3104166671875 0.9361111109375001 0.3203125 0.94351851875 0.3630208328125 0.9388888890624999 0.3729166671875 0.925 0.3729166671875 0.8824074078124999 0.36666666718749996 0.875 0.3557291671875 0.872222221875 0.31302083281250004 0.8740740734375001 0.3072916671875 0.884259259375
2 0.6359375 0.797222221875 0.6296875 0.79351851875 0.6177083328124999 0.79351851875 0.6020833328124999 0.8 0.5859375 0.7990740734374999 0.5755208328125 0.809259259375 0.571875 0.81851851875 0.5708333328124999 0.8388888890624999 0.5734375 0.8518518515625001 0.5770833328125 0.859259259375 0.5880208328125 0.86851851875 0.6307291671875 0.859259259375 0.6369791671875 0.85555555625 0.6411458328124999 0.8444444437499999 0.6421875 0.8296296296874999 0.6390625 0.803703703125 0.6359375 0.797222221875
2 0.8255208328125001 0.772222221875 0.8135416671875 0.7666666671875 0.775 0.7629629625 0.7677083328125 0.7703703703125 0.7651041671875001 0.7833333328125 0.7645833328125 0.8148148140625 0.7723958328125 0.827777778125 0.7807291671875001 0.83148148125 0.8057291671875 0.8296296296874999 0.821875 0.834259259375 0.8302083328125001 0.834259259375 0.8333333328125001 0.828703703125 0.8354166671875 0.8148148140625 0.8348958328125 0.7898148140625 0.8255208328125001 0.772222221875
2 0.3036458328125 0.3083333328125 0.28958333281250004 0.29814814843750004 0.2833333328125 0.29814814843750004 0.2692708328125 0.30648148124999997 0.246875 0.3046296296875 0.2375 0.3120370375 0.2348958328125 0.31944444375000003 0.2359375 0.35555555625 0.2390625 0.3638888890625 0.24479166718749998 0.36851851875 0.25625 0.36944444375 0.2708333328125 0.3638888890625 0.2916666671875 0.36666666718749996 0.3036458328125 0.35648148125 0.30625 0.34629629687499996 0.30625 0.32592592656249997 0.3036458328125 0.3083333328125
2 0.5213541671875 0.8851851859375 0.509375 0.88055555625 0.48541666718750004 0.8879629625 0.47083333281249995 0.8879629625 0.4614583328125 0.8953703703125001 0.4583333328125 0.9055555562500001 0.4578125 0.9277777781250001 0.45989583281249996 0.9388888890624999 0.4671875 0.9509259265625 0.4734375 0.9546296296874999 0.51875 0.946296296875 0.5255208328125 0.9388888890624999 0.5276041671875 0.925 0.5276041671875 0.9074074078125 0.525 0.890740740625 0.5213541671875 0.8851851859375
2 0.7421875 0.875 0.696875 0.8888888890625 0.6895833328125 0.8990740734375 0.6880208328124999 0.9111111109375001 0.690625 0.9324074078125 0.6942708328125 0.9444444437499999 0.7010416671875 0.9518518515625001 0.7119791671875 0.9509259265625 0.7442708328125 0.9370370375 0.7510416671875 0.9259259265625 0.7541666671875 0.9138888890624999 0.7494791671875001 0.88148148125 0.7421875 0.875
2 0.9333333328125001 0.5722222218749999 0.9223958328125 0.5675925921875 0.9072916671875 0.5703703703125 0.9041666671874999 0.5759259265625001 0.903125 0.6759259265625001 0.9046875 0.678703703125 0.9291666671875 0.68148148125 0.9307291671875 0.6675925921875 0.9364583328125 0.6648148140625 0.9390625 0.622222221875 0.9369791671875 0.6111111109375 0.9395833328125001 0.6046296296875 0.9369791671875 0.58055555625 0.9333333328125001 0.5722222218749999